[[0.0, -0.292, -0.003, -0.017, -0.008, -0.042, -0.09, -0.292, -0.538, -0.525, 0.013, -0.058, -0.075, -0.158, -0.267, 0.058, -0.65, -0.008, -0.1, -0.192, -0.175, -0.158, -0.095, -0.358, -0.063, -0.328, -0.025, 0.033, -0.033, -0.097, -0.717, -0.088, 0.0, -0.092, -0.55, 0.413, -0.083, 0.05, 0.025, -0.158, -0.092, -0.187, 0.092, -0.008, -0.467, -0.067, -0.713, -0.067, -0.002, -0.428, 0.008, -0.273, -0.033, -0.008, -0.03, -0.7, -0.242, -0.15, -0.075, -0.833, -0.58, -0.125, -0.067, -0.533, -0.525, -0.358, -0.417, 0.0, 0.008, -0.12, -0.042, -0.09, -0.033, -0.083, -0.058, -0.583, -0.533, -0.608, -0.033, 0.0, -0.125, -0.15, -0.878, -0.55, 0.017, -0.358, -0.005, -0.183, -0.058, -0.025, -0.5, -0.242, -0.2, 0.013, -0.467, -0.063, -0.025, 0.008, -0.002, -0.383, -0.233, -0.642, -0.09, -0.05, -0.083, -0.217, 0.025, -0.108, -0.258, 0.098, -0.058, -0.108, -0.05, -0.275, -0.142, -0.025, -0.208, -0.058, -0.087, 0.233, -0.028, 0.025, 0.0, -0.83, -0.003, -0.622, 0.033, -0.028, 0.033, 0.162, -0.483, -0.625, 0.228, 0.292, -0.348, 0.213, -0.192, -0.05, -0.058, -0.092, -0.133, -0.617, -0.137, 0.008, 0.283, -0.258, 0.432, -0.147, 0.003, 0.012, -0.087, -0.033, -0.083, -0.067, 0.042, -0.01, -0.115, -0.042, -0.108, -0.17, -0.592, -0.138, -0.033, 0.108, -0.3, -0.733, -0.092, -0.367, 0.04, 0.298, -0.012, -0.422, -0.3, -0.058, -0.297, -0.275, -0.025, -0.028, 0.003, 0.0, -0.087, -0.147, -0.175, 0.058, 0.283, -0.033, -0.108, -0.133, -0.133, -0.827, -0.862, -0.245, 0.133, -0.058, -0.133, -0.003, 0.033, 0.08, -0.067, 0.05], [-0.292, 0.0, 0.088, 0.033, -0.017, 0.022, 0.025, 0.193, 0.115, 0.425, 0.142, -0.033, 0.112, 0.0, -0.008, -0.058, 0.405, 0.008, 0.008, 0.017, -0.042, 0.425, -0.067, -0.003, 0.042, 0.55, 0.012, -0.013, 0.02, 0.02, 0.383, 0.017, -0.022, 0.025, 0.027, 0.297, 0.033, 0.013, 0.02, 0.0, 0.013, 0.492, -0.042, 0.35, 0.433, -0.008, 0.3, 0.075, 0.008, 0.008, -0.037, 0.038, 0.025, -0.05, 0.017, 0.477, 0.0, 0.058, 0.012, 0.62, 0.517, 0.015, 0.008, 0.467, 0.613, -0.038, 0.333, 0.008, 0.0, 0.008, 0.02, 0.0, 0.038, 0.025, 0.022, 0.483, 0.0, 0.15, 0.025, -0.05, 0.058, 0.258, 0.392, 0.658, -0.025, 0.128, 0.042, 0.033, 0.042, 0.01, 0.813, 0.137, 0.017, 0.028, 0.525, 0.023, 0.008, 0.045, 0.003, 0.048, 0.588, 0.257, -0.013, 0.012, -0.008, -0.008, 0.02, 0.473, 0.01, 0.012, 0.008, 0.05, 0.013, 0.383, -0.008, -0.008, 0.642, 0.067, 0.008, 0.017, 0.03, -0.017, 0.013, 0.408, 0.008, 0.0, -0.017, 0.005, -0.012, -0.258, 0.688, 0.108, 0.003, 0.033, 0.002, 0.322, 0.108, -0.022, 0.008, 0.05, 0.038, 0.55, 0.525, -0.025, 0.187, 0.562, -0.267, 0.008, 0.03, 0.012, 0.033, -0.008, 0.45, 0.03, 0.05, 0.028, -0.417, 0.0, 0.005, 0.088, 0.225, 0.583, -0.025, -0.003, 0.058, 0.067, 0.05, 0.417, 0.0, 0.042, 0.017, 0.458, 0.15, -0.058, 0.1, -0.067, -0.013, 0.025, 0.028, -0.03, 0.0, 0.012, 0.125, 0.597, -0.008, -0.008, 0.025, 0.533, 0.275, 0.477, 0.692, 0.012, 0.083, -0.008, -0.142, 0.012, 0.025, -0.025, 0.022, -0.05], [-0.003, 0.088, 0.0, -0.008, 0.382, 0.025, 0.125, 0.017, -0.025, -0.058, 0.283, 0.0, -0.08, -0.008, -0.013, -0.008, 0.095, -0.008, 0.083, -0.008, 0.133, -0.017, 0.042, 0.158, 0.025, 0.017, 0.233, 0.033, -0.008, 0.292, 0.075, 0.07, 0.062, 0.083, -0.083, 0.642, 0.025, 0.287, 0.1, -0.083, 0.217, 0.035, 0.475, -0.128, 0.192, 0.188, -0.062, 0.075, -0.008, -0.042, 0.125, -0.1, -0.025, 0.133, 0.167, -0.092, 0.008, -0.097, 0.015, -0.125, -0.167, 0.2, -0.012, 0.15, 0.225, 0.092, -0.075, 0.0, -0.017, -0.008, 0.05, -0.058, 0.022, -0.05, -0.013, -0.008, 0.005, 0.203, 0.05, 0.612, 0.058, 0.05, -0.667, 0.242, 0.022, 0.115, 0.242, 0.05, 0.145, 0.032, -0.333, 0.333, 0.055, 0.032, 0.037, 0.15, 0.025, 0.02, 0.142, 0.015, -0.067, -0.067, 0.033, 0.022, 0.133, 0.008, 0.633, 0.058, -0.028, 0.542, -0.048, -0.003, -0.028, 0.003, 0.013, 0.058, 0.017, -0.68, 0.058, -0.033, 0.342, 0.025, 0.022, 0.108, -0.073, 0.017, 0.108, 0.503, 0.312, -0.042, -0.008, 0.262, 0.3, 0.33, 0.008, 0.608, -0.003, -0.003, 0.0, 0.03, 0.078, 0.03, 0.15, -0.025, 0.667, 0.108, 0.563, 0.017, 0.042, 0.027, 0.018, 0.025, -0.033, 0.017, 0.217, 0.483, 0.192, 0.075, 0.017, 0.103, -0.048, 0.025, 0.015, 0.0, 0.375, 0.0, 0.092, -0.133, 0.062, 0.317, 0.033, 0.325, 0.208, 0.492, -0.092, 0.042, 0.15, 0.038, 0.025, 0.078, 0.0, -0.042, 0.683, 0.237, 0.027, 0.028, 0.025, -0.012, 0.142, -0.017, -0.108, 0.033, 0.038, 0.133, 0.225, 0.17, 0.533, 0.217, 0.092, 0.275], [-0.017, 0.033, -0.008, 0.0, 0.017, 0.0, 0.033, 0.033, 0.017, 0.23, -0.008, 0.037, 0.042, 0.008, -0.008, 0.025, 0.133, 0.003, 0.017, -0.023, 0.017, 0.033, 0.01, 0.008, -0.017, 0.012, 0.0, 0.017, 0.005, 0.028, 0.092, -0.017, 0.0, -0.058, 0.07, 0.062, 0.008, 0.0, -0.017, 0.142, 0.033, 0.062, -0.008, 0.028, 0.142, 0.0, 0.11, 0.008, 0.0, -0.013, 0.05, 0.03, 0.003, -0.017, -0.033, 0.05, -0.033, 0.0, 0.037, 0.192, 0.775, 0.008, -0.02, 0.025, 0.005, 0.02, 0.15, -0.008, 0.157, -0.053, -0.008, 0.008, 0.017, 0.003, 0.018, 0.062, 0.03, -0.013, 0.025, -0.233, 0.03, 0.147, 0.047, 0.325, -0.012, 0.007, 0.017, -0.05, 0.018, 0.005, 0.025, 0.022, 0.008, 0.028, -0.012, 0.008, 0.005, 0.017, 0.017, 0.358, 0.033, 0.542, 0.017, -0.033, -0.017, 0.018, 0.022, 0.112, 0.017, 0.008, 0.008, 0.012, 0.027, 0.028, 0.617, 0.008, 0.0, 0.092, -0.048, 0.008, 0.008, 0.008, -0.017, 0.242, 0.017, 0.008, -0.033, -0.033, -0.033, -0.1, 0.1, 0.1, 0.012, -0.008, 0.017, 0.012, 0.042, -0.025, 0.025, 0.008, 0.002, 0.025, 0.597, 0.0, -0.017, 0.04, -0.042, 0.017, 0.125, 0.0, 0.013, 0.025, 0.417, 0.008, -0.142, 0.025, 0.017, 0.022, 0.015, 0.032, 0.083, 0.262, 0.008, 0.0, -0.003, 0.033, 0.005, 0.825, -0.005, 0.025, 0.025, 0.167, 0.358, -0.05, 0.125, 0.05, 0.013, 0.022, 0.008, 0.0, 0.008, 0.008, 0.025, 0.01, -0.007, 0.022, 0.012, 0.012, -0.003, 0.15, 0.133, 0.028, -0.017, 0.0, -0.033, -0.017, 0.0, -0.075, 0.007, -0.025], [-0.008, -0.017, 0.382, 0.017, 0.0, 0.025, 0.103, 0.027, -0.008, 0.05, 0.0, 0.042, 0.06, 0.055, 0.017, 0.15, -0.083, 0.0, 0.172, 0.012, 0.025, -0.033, 0.292, 0.267, 0.0, 0.028, 0.142, 0.1, 0.097, 0.367, 0.125, 0.208, 0.067, 0.03, 0.017, 0.6, -0.008, 0.047, -0.025, -0.008, 0.217, 0.005, 0.528, 0.025, 0.033, 0.242, -0.097, -0.025, 0.012, 0.038, 0.075, 0.212, -0.015, 0.342, 0.208, -0.075, 0.158, 0.217, 0.157, 0.092, 0.192, 0.072, -0.022, 0.012, 0.275, 0.263, 0.013, -0.05, -0.017, -0.005, 0.325, 0.283, 0.028, -0.042, 0.05, -0.012, -0.025, 0.303, 0.05, 0.067, 0.075, 0.012, 0.225, 0.142, 0.043, 0.2, 0.025, 0.075, 0.248, 0.033, 0.017, -0.005, 0.05, 0.058, 0.008, -0.023, 0.082, 0.192, -0.045, -0.012, -0.008, 0.0, 0.092, 0.163, 0.063, -0.033, 0.033, -0.003, -0.002, 0.037, 0.05, 0.03, 0.008, -0.017, -0.018, 0.015, 0.025, 0.042, 0.408, 0.0, 0.583, 0.067, -0.03, 0.208, -0.025, 0.005, 0.117, 0.175, 0.1, 0.017, 0.017, 0.03, 0.065, 0.062, 0.028, 0.217, 0.108, 0.003, 0.012, 0.05, 0.055, -0.017, 0.38, -0.017, 0.142, -0.017, 0.463, -0.017, 0.033, -0.017, 0.023, 0.025, -0.092, 0.425, 0.333, 0.033, 0.025, 0.117, 0.208, 0.083, 0.1, 0.042, 0.037, 0.067, 0.52, 0.142, 0.0, 0.242, -0.017, 0.067, -0.033, 0.05, 0.083, -0.017, -0.037, 0.025, 0.492, 0.033, -0.058, 0.072, -0.025, 0.053, 0.142, 0.153, 0.017, 0.012, 0.167, 0.017, 0.233, 0.075, 0.017, -0.013, 0.007, -0.017, 0.225, 0.292, 0.0, -0.012, 0.458, 0.167], [-0.042, 0.022, 0.025, 0.0, 0.025, 0.0, 0.08, 0.008, 0.143, 0.008, -0.005, 0.575, -0.008, 0.03, 0.65, 0.017, 0.007, 0.425, -0.008, 0.025, 0.008, 0.005, -0.017, 0.15, 0.042, 0.017, 0.063, -0.025, -0.013, 0.078, 0.447, 0.042, 0.008, -0.017, 0.05, 0.317, 0.103, 0.008, 0.022, 0.147, 0.048, 0.0, 0.38, 0.0, 0.0, 0.01, 0.1, 0.022, 0.567, 0.375, 0.042, 0.005, 0.0, 0.005, 0.03, -0.015, -0.005, -0.02, 0.052, 0.017, 0.3, 0.012, 0.025, 0.008, 0.233, 0.088, 0.0, 0.008, 0.533, 0.05, -0.075, 0.025, 0.317, 0.117, 0.092, 0.078, -0.003, 0.3, 0.042, -0.067, 0.017, 0.075, 0.047, 0.003, 0.3, 0.1, -0.005, -0.008, 0.013, 0.025, -0.017, 0.03, -0.017, 0.025, -0.013, 0.022, 0.008, 0.078, -0.008, 0.017, -0.025, 0.003, -0.017, -0.008, 0.008, 0.267, 0.012, 0.025, 0.05, 0.017, 0.047, 0.183, 0.025, 0.025, 0.035, 0.028, 0.02, 0.033, 0.017, 0.013, 0.025, 0.025, 0.017, 0.35, -0.012, 0.067, 0.092, 0.025, 0.05, 0.125, 0.013, 0.045, 0.03, 0.017, 0.017, 0.067, 0.15, 0.01, -0.033, 0.02, -0.025, 0.033, 0.175, 0.108, 0.142, -0.015, -0.025, -0.008, 0.592, 0.733, 0.567, 0.142, -0.01, 0.018, 0.075, 0.06, -0.017, 0.192, 0.008, 0.197, -0.008, -0.005, 0.05, 0.013, 0.0, 0.017, 0.0, 0.128, -0.013, -0.108, -0.005, 0.075, 0.043, -0.025, 0.5, 0.187, -0.015, 0.042, -0.017, 0.025, 0.022, 0.483, -0.013, 0.033, 0.058, 0.035, -0.042, 0.013, 0.217, 0.308, 0.657, 0.075, -0.008, 0.05, -0.105, 0.008, 0.133, -0.06, 0.018, 0.003], [-0.09, 0.025, 0.125, 0.033, 0.103, 0.08, 0.0, 0.025, 0.467, 0.058, 0.017, 0.017, 0.067, 0.042, 0.15, -0.017, 0.197, 0.192, -0.033, 0.005, 0.413, -0.017, 0.042, 0.442, 0.03, 0.145, -0.005, 0.017, 0.0, 0.025, 0.283, -0.067, 0.025, -0.027, 0.417, 0.567, 0.383, 0.028, -0.008, 0.038, 0.02, 0.07, 0.438, 0.067, 0.097, -0.025, 0.008, -0.092, 0.05, -0.022, 0.333, 0.083, 0.068, 0.005, 0.0, 0.05, 0.022, -0.047, -0.008, 0.105, 0.342, 0.017, -0.005, -0.047, 0.45, -0.042, 0.083, -0.05, 0.058, 0.108, -0.033, -0.012, -0.2, 0.033, -0.008, 0.067, 0.055, 0.267, 0.085, -0.008, 0.022, 0.283, 0.175, 0.3, 0.075, 0.192, 0.05, 0.108, 0.058, 0.0, 0.108, -0.028, -0.015, -0.042, 0.047, 0.037, 0.033, 0.023, -0.05, 0.01, 0.033, 0.093, 0.0, 0.013, 0.025, -0.02, -0.017, 0.075, -0.075, 0.025, 0.025, 0.587, 0.02, 0.017, 0.002, 0.042, 0.05, 0.075, 0.092, 0.067, 0.117, 0.017, 0.038, 0.158, -0.075, 0.017, 0.133, -0.025, 0.297, -0.212, 0.045, 0.008, -0.02, 0.117, -0.025, 0.325, 0.125, 0.017, 0.55, 0.375, 0.128, 0.167, 0.25, 0.06, 0.217, 0.158, 0.392, -0.025, 0.042, 0.125, 0.237, 0.05, 0.015, -0.008, 0.367, 0.117, 0.045, 0.025, 0.0, 0.092, 0.055, 0.033, -0.017, 0.0, 0.317, 0.267, 0.042, 0.35, 0.033, -0.042, 0.138, 0.033, 0.058, 0.052, 0.033, 0.017, 0.01, 0.088, 0.07, 0.008, -0.012, 0.102, 0.04, 0.075, 0.017, 0.092, 0.008, 0.075, 0.25, -0.283, 0.233, 0.7, 0.083, 0.0, 0.317, 0.055, 0.025, -0.042, 0.032, -0.017], [-0.292, 0.193, 0.017, 0.033, 0.027, 0.008, 0.025, 0.0, 0.092, 0.317, -0.9, -0.02, -0.02, 0.008, 0.008, 0.458, 0.182, -0.017, -0.008, -0.033, 0.008, 0.275, 0.008, -0.017, -0.028, 0.275, 0.017, -0.003, 0.078, 0.018, 0.367, -0.02, 0.0, -0.05, 0.03, 0.372, 0.025, 0.005, -0.028, 0.015, 0.025, 0.083, 0.117, 0.475, 0.117, 0.008, 0.028, 0.0, 0.025, -0.017, 0.013, 0.087, 0.003, 0.02, 0.025, 0.17, 0.0, 0.058, 0.008, 0.442, 0.475, 0.038, 0.033, 0.492, 0.245, 0.012, 0.313, 0.0, 0.008, 0.022, 0.027, 0.0, 0.005, 0.02, -0.017, 0.172, 0.003, 0.405, 0.05, 0.375, 0.095, 0.02, 0.243, 0.325, 0.02, 0.063, 0.108, 0.32, 0.05, 0.035, 0.258, 0.038, 0.267, -0.017, 0.095, 0.117, 0.008, -0.005, -0.067, 0.008, 0.4, 0.033, 0.017, -0.042, 0.042, 0.008, -0.008, 0.032, 0.0, -0.025, -0.008, -0.038, 0.003, 0.308, -0.007, 0.0, 0.06, -0.017, -0.005, 0.015, 0.022, 0.017, 0.048, 0.155, 0.0, 0.042, -0.022, 0.0, -0.042, -0.125, 0.3, 0.103, -0.003, -0.4, -0.07, 0.308, 0.005, 0.0, -0.033, -0.01, 0.025, 0.403, 0.067, 0.012, 0.292, 0.225, 0.79, 0.042, 0.025, 0.02, -0.008, 0.033, 0.008, 0.033, -0.222, 0.022, 0.408, -0.225, 0.0, 0.033, 0.177, 0.092, 0.003, 0.017, 0.087, 0.1, -0.008, 0.128, -0.013, -0.008, 0.0, 0.125, 0.1, 0.492, 0.033, 0.358, 0.008, -0.013, 0.04, -0.025, 0.0, -0.013, 0.025, -0.812, 0.042, 0.025, 0.0, 0.258, 0.117, 0.11, 0.338, 0.053, 0.092, 0.017, -0.005, 0.1, 0.017, -0.103, 0.005, 0.025], [-0.538, 0.115, -0.025, 0.017, -0.008, 0.143, 0.467, 0.092, 0.0, 0.242, 0.017, 0.122, 0.433, 0.253, 0.093, -0.23, 0.275, 0.108, 0.083, 0.037, -0.105, 0.095, 0.167, 0.063, 0.515, 0.195, 0.073, 0.008, 0.078, 0.037, 0.725, 0.025, -0.005, 0.017, 0.567, -0.417, 0.202, 0.025, 0.053, 0.125, 0.005, 0.275, -0.308, 0.083, 0.3, -0.017, 0.55, 0.058, 0.017, 0.067, -0.03, 0.03, 0.058, 0.083, -0.067, 0.138, 0.042, 0.033, 0.637, 0.558, 0.467, 0.05, 0.033, 0.092, 0.617, 0.183, 0.192, -0.008, 0.025, 0.067, 0.117, -0.005, 0.258, 0.008, 0.008, 0.2, 0.283, 0.642, 0.145, -0.408, 0.258, 0.425, 0.483, 0.415, 0.275, 0.775, 0.222, 0.342, 0.283, 0.617, 0.098, 0.233, 0.038, 0.05, 0.217, -0.027, 0.07, 0.042, -0.183, 0.078, 0.2, 0.188, 0.142, 0.022, 0.5, 0.203, 0.007, 0.18, 0.568, 0.063, 0.2, 0.108, 0.625, -0.017, 0.0, 0.212, 0.142, 0.113, 0.12, -0.108, 0.05, 0.792, 0.117, 0.45, 0.125, 0.875, -0.012, 0.133, 0.083, -0.8, 0.1, 0.383, 0.4, 0.075, 0.613, -0.217, 0.148, 0.65, -0.012, 0.175, 0.458, 0.563, 0.3, -0.017, 0.225, 0.183, -0.392, 0.167, 0.05, 0.192, 0.005, 0.388, 0.025, 0.003, 0.317, 0.167, 0.042, 0.127, 0.05, 0.708, 0.175, 0.105, 0.183, -0.017, 0.192, 0.692, 0.067, 0.288, 0.217, -0.113, -0.042, 0.408, 0.267, -0.442, 0.412, 0.035, 0.255, 0.342, 0.225, 0.067, 0.507, 0.117, 0.1, 0.025, 0.033, 0.7, 0.022, 0.258, 0.65, 0.8, 0.833, 0.058, 0.067, 0.55, -0.292, 0.45, 0.003, -0.092, 0.05, -0.078], [-0.525, 0.425, -0.058, 0.23, 0.05, 0.008, 0.058, 0.317, 0.242, 0.0, 0.175, 0.033, 0.012, 0.108, 0.092, -0.188, 0.667, 0.023, 0.058, -0.038, -0.058, 0.367, 0.06, 0.083, 0.042, 0.658, 0.093, 0.025, 0.067, 0.017, 0.442, 0.022, -0.025, -0.017, 0.208, -0.048, 0.17, 0.058, -0.145, 0.083, -0.027, 0.517, -0.02, 0.338, 0.653, 0.04, 0.658, -0.008, 0.04, 0.05, 0.072, 0.033, 0.02, -0.058, -0.2, 0.625, 0.053, 0.072, 0.025, 0.725, 0.625, -0.005, 0.002, 0.308, 0.817, 0.25, 0.7, 0.013, 0.033, 0.057, 0.033, -0.008, 0.017, 0.028, 0.008, 0.533, 0.192, 0.3, 0.025, -0.267, 0.092, 0.608, 0.383, 0.7, 0.017, 0.425, 0.272, 0.317, 0.208, 0.017, 0.425, 0.222, 0.025, 0.008, 0.492, 0.017, 0.008, 0.017, -0.1, 0.838, 0.483, 0.75, 0.058, 0.053, 0.067, 0.08, 0.15, 0.592, 0.125, -0.067, 0.067, 0.025, 0.017, 0.375, 0.317, 0.045, 0.308, 0.242, 0.03, 0.02, 0.092, 0.008, -0.042, 0.742, 0.003, 0.18, -0.025, -0.017, 0.0, -0.583, 0.333, 0.583, 0.158, 0.093, 0.008, 0.1, 0.11, 0.008, -0.008, 0.058, 0.058, 0.492, 0.662, -0.047, 0.397, 0.627, -0.292, 0.273, 0.017, -0.017, 0.05, -0.002, 0.45, -0.002, 0.117, 0.128, -0.008, 0.05, 0.067, 0.263, 0.658, 0.757, 0.035, 0.003, 0.072, 0.292, 0.067, 0.492, 0.02, 0.042, 0.0, 0.712, 0.833, -0.383, 0.463, 0.158, 0.117, 0.147, 0.012, 0.025, -0.025, 0.067, 0.097, -0.028, -0.058, 0.067, 0.072, 0.433, 0.4, 0.508, 0.733, 0.042, 0.147, 0.0, -0.1, 0.183, 0.013, -0.033, 0.063, 0.025], [0.013, 0.142, 0.283, -0.008, 0.0, -0.005, 0.017, -0.9, 0.017, 0.175, 0.0, 0.012, 0.438, 0.112, 0.0, 0.503, 0.087, -0.038, -0.015, 0.017, 0.017, 0.105, -0.013, 0.063, -0.022, 0.378, -0.028, 0.027, 0.0, 0.042, 0.213, 0.033, -0.008, 0.0, 0.013, 0.555, 0.122, 0.017, -0.042, -0.025, 0.028, 0.217, 0.003, -0.667, 0.183, -0.022, 0.05, 0.003, 0.008, 0.03, -0.017, 0.342, 0.008, -0.008, 0.008, 0.15, 0.017, 0.113, 0.042, 0.51, 0.192, 0.015, 0.058, 0.575, 0.367, 0.047, -0.1, -0.038, 0.025, 0.058, -0.037, -0.025, 0.055, 0.008, 0.033, 0.333, 0.01, 0.258, 0.072, 0.183, 0.317, 0.037, 0.587, 0.147, -0.005, 0.352, 0.355, 0.7, 0.108, 0.013, -0.058, 0.347, 0.325, 0.0, 0.028, 0.033, 0.012, 0.017, 0.075, 0.05, 0.142, -0.017, 0.025, 0.0, 0.2, 0.03, 0.075, 0.042, -0.067, -0.082, 0.02, 0.092, 0.033, -0.078, -0.028, 0.058, 0.033, 0.155, 0.013, 0.175, 0.05, -0.008, 0.013, 0.258, 0.008, -0.017, 0.112, 0.022, 0.125, 0.015, 0.095, 0.35, 0.225, 0.733, -0.05, 0.142, 0.017, 0.008, -0.038, 0.005, -0.017, 0.267, -0.017, 0.008, 0.475, 0.3, 0.607, 0.037, 0.005, 0.0, 0.075, -0.025, -0.045, 0.038, 0.588, 0.075, 0.282, -0.033, 0.02, 0.258, 0.133, 0.2, 0.03, -0.128, 0.143, 0.262, 0.078, 0.225, 0.117, 0.172, 0.025, -0.092, 0.108, 0.158, 0.18, 0.383, 0.05, 0.078, -0.003, 0.003, 0.01, 0.017, 0.0, 0.825, 0.455, -0.017, 0.087, 0.1, 0.5, 0.408, 0.472, 0.102, 0.503, 0.022, -0.042, 0.217, -0.017, 0.072, 0.025, 0.038], [-0.058, -0.033, 0.0, 0.037, 0.042, 0.575, 0.017, -0.02, 0.122, 0.033, 0.012, 0.0, 0.022, 0.028, 0.608, -0.033, 0.108, 0.208, 0.003, 0.02, 0.013, 0.033, 0.017, 0.063, 0.083, 0.058, 0.025, -0.042, 0.017, 0.033, 0.4, 0.125, 0.008, -0.107, -0.075, 0.072, 0.053, -0.058, -0.008, 0.167, 0.058, -0.002, 0.05, 0.042, -0.017, 0.037, 0.13, 0.025, 0.367, 0.292, 0.013, 0.05, 0.0, 0.022, -0.042, -0.017, 0.02, -0.008, 0.137, 0.117, 0.098, 0.052, 0.042, 0.013, -0.025, 0.003, -0.022, -0.05, 0.425, 0.145, -0.008, 0.017, 0.383, 0.083, 0.227, -0.002, 0.047, 0.045, 0.017, -0.133, -0.062, 0.175, 0.12, 0.167, 0.375, 0.2, -0.013, -0.037, -0.015, 0.0, -0.017, 0.108, -0.005, -0.033, -0.058, 0.002, 0.025, 0.008, -0.033, 0.008, -0.002, 0.058, 0.03, 0.033, 0.012, 0.053, -0.003, 0.083, 0.467, -0.042, 0.133, 0.117, 0.197, -0.058, 0.047, 0.033, 0.042, 0.108, -0.008, 0.017, 0.003, 0.017, -0.05, 0.2, 0.008, 0.063, 0.003, -0.042, 0.097, -0.25, -0.078, 0.058, 0.052, -0.08, 0.058, -0.033, 0.267, 0.022, -0.092, -0.017, 0.025, -0.003, 0.242, 0.067, 0.0, 0.033, -0.122, 0.043, 0.542, 0.367, 0.55, 0.033, 0.04, 0.017, 0.08, 0.015, -0.042, 0.145, 0.0, 0.115, -0.017, 0.02, 0.01, -0.033, -0.008, -0.05, 0.013, 0.125, -0.055, -0.003, 0.017, 0.0, 0.02, -0.092, 0.075, 0.0, 0.008, 0.05, -0.017, 0.0, 0.017, 0.433, 0.005, 0.005, 0.033, 0.292, -0.03, -0.042, 0.142, 0.458, 0.725, 0.045, 0.008, 0.017, -0.028, 0.0, -0.083, -0.05, -0.012, -0.017], [-0.075, 0.112, -0.08, 0.042, 0.06, -0.008, 0.067, -0.02, 0.433, 0.012, 0.438, 0.022, 0.0, 0.225, 0.01, -0.045, 0.108, -0.012, 0.008, -0.037, -0.058, 0.057, 0.038, 0.017, 0.208, 0.137, 0.025, -0.042, 0.117, -0.033, 0.303, 0.025, -0.033, 0.083, -0.008, 0.483, 0.117, 0.083, -0.017, -0.008, 0.0, 0.105, -0.192, -0.025, 0.1, 0.025, -0.017, 0.525, 0.008, 0.058, -0.08, 0.483, -0.017, 0.092, -0.008, 0.0, 0.015, 0.075, 0.0, 0.175, 0.55, 0.092, -0.017, 0.312, 0.167, -0.008, 0.042, 0.0, 0.042, 0.005, -0.008, -0.008, -0.008, -0.067, -0.02, 0.392, 0.07, 0.447, 0.275, -0.725, -0.178, -0.017, 0.617, 0.192, 0.047, 0.387, 0.678, 0.122, 0.117, -0.027, 0.042, 0.78, 0.027, 0.022, 0.15, -0.067, 0.017, 0.028, -0.287, -0.033, 0.083, 0.108, -0.017, 0.008, 0.4, 0.323, 0.013, 0.292, 0.092, 0.167, 0.05, 0.055, 0.057, 0.033, 0.092, 0.142, 0.062, 0.433, 0.05, 0.03, 0.045, 0.075, 0.038, 0.295, 0.008, 0.133, 0.008, 0.067, 0.078, -0.437, 0.008, -0.028, 0.65, 0.612, 0.0, 0.075, 0.108, 0.038, 0.042, 0.038, 0.292, 0.017, 0.083, -0.033, 0.428, -0.025, 0.08, 0.092, -0.017, 0.04, 0.013, -0.055, 0.0, -0.017, 0.833, 0.08, 0.245, 0.05, 0.027, 0.455, -0.033, 0.15, -0.012, -0.042, -0.022, 0.167, -0.008, 0.208, 0.095, 0.108, -0.017, 0.075, 0.208, -0.308, 0.367, 0.068, 0.192, 0.017, 0.062, 0.015, 0.045, 0.023, 0.345, 0.425, -0.02, -0.025, 0.125, -0.05, 0.817, 0.68, 0.758, 0.0, 0.08, -0.033, -0.13, 0.192, 0.033, -0.077, 0.083, -0.012], [-0.158, 0.0, -0.008, 0.008, 0.055, 0.03, 0.042, 0.008, 0.253, 0.108, 0.112, 0.028, 0.225, 0.0, 0.03, 0.075, 0.137, -0.008, 0.017, 0.605, 0.033, -0.025, 0.055, 0.058, 0.032, 0.012, 0.017, 0.0, 0.28, 0.083, 0.242, 0.028, -0.033, 0.042, -0.055, 0.367, 0.012, 0.078, -0.008, -0.008, 0.075, 0.002, 0.075, 0.067, 0.083, 0.017, 0.213, 0.325, -0.017, 0.005, 0.015, 0.133, 0.025, -0.008, -0.058, 0.058, -0.012, 0.125, 0.058, 0.017, 0.375, -0.013, 0.308, -0.017, 0.292, 0.133, 0.027, -0.008, 0.017, 0.042, 0.1, 0.065, 0.167, 0.042, 0.023, -0.003, 0.033, 0.05, 0.333, 0.083, -0.045, 0.075, -0.142, 0.233, 0.028, 0.333, 0.117, 0.145, 0.067, -0.01, 0.017, 0.35, 0.05, 0.097, 0.083, 0.02, -0.005, 0.008, 0.02, -0.017, 0.047, 0.067, 0.008, 0.083, 0.342, 0.395, 0.03, 0.038, 0.167, 0.028, 0.2, -0.042, 0.017, 0.037, 0.013, 0.025, 0.062, 0.125, 0.077, -0.608, 0.08, 0.002, 0.392, 0.273, 0.008, 0.092, -0.008, -0.005, 0.083, -0.122, -0.017, 0.175, 0.153, -0.508, 0.005, 0.275, 0.1, 0.033, -0.008, -0.003, 0.325, 0.075, 0.103, 0.038, 0.422, 0.067, 0.025, -0.003, 0.008, -0.055, 0.008, -0.008, 0.015, -0.042, 0.458, 0.263, 0.033, 0.017, 0.013, 0.558, 0.138, 0.052, 0.145, 0.017, 0.158, 0.415, 0.013, 0.087, 0.342, 0.183, 0.0, 0.277, 0.08, -0.092, -0.047, 0.207, 0.225, 0.293, 0.022, 0.02, 0.013, -0.007, 0.108, 0.333, 0.058, 0.067, 0.027, 0.042, 0.405, 0.155, 0.3, 0.067, 0.108, 0.008, -0.037, 0.353, 0.008, 0.025, -0.008, 0.055], [-0.267, -0.008, -0.013, -0.008, 0.017, 0.65, 0.15, 0.008, 0.093, 0.092, 0.0, 0.608, 0.01, 0.03, 0.0, 0.025, 0.192, 0.383, 0.02, 0.012, 0.027, 0.012, 0.038, 0.167, 0.055, 0.055, 0.03, 0.028, -0.067, 0.063, 0.467, 0.085, -0.007, -0.067, 0.1, 0.192, 0.133, 0.017, 0.008, 0.183, 0.042, 0.015, 0.217, 0.058, 0.088, 0.0, 0.075, 0.01, 0.533, 0.325, 0.047, -0.005, 0.012, 0.0, 0.0, 0.1, 0.025, 0.0, 0.058, -0.067, 0.367, 0.0, -0.017, 0.025, 0.117, 0.033, 0.035, -0.017, 0.575, 0.025, -0.067, 0.025, 0.397, 0.087, 0.008, 0.058, -0.01, 0.148, -0.015, -0.12, -0.025, 0.133, 0.208, 0.067, 0.567, 0.127, -0.025, -0.062, 0.142, 0.0, 0.045, -0.02, -0.017, 0.0, 0.01, 0.0, -0.017, 0.045, -0.055, 0.008, 0.027, 0.048, -0.002, 0.015, 0.048, 0.003, -0.017, 0.225, -0.008, -0.007, 0.325, 0.158, 0.133, -0.017, 0.012, 0.008, -0.008, 0.033, 0.02, 0.015, 0.0, 0.017, 0.005, 0.458, 0.018, 0.237, 0.025, 0.017, 0.063, -0.3, -0.008, 0.008, 0.025, 0.03, 0.0, 0.0, 0.083, 0.04, -0.025, -0.017, 0.005, 0.008, 0.075, 0.063, 0.042, 0.042, -0.133, 0.042, 0.658, 0.667, 0.7, 0.125, 0.013, 0.108, 0.0, 0.015, 0.018, 0.292, 0.143, 0.167, 0.035, 0.012, 0.188, 0.005, 0.167, 0.058, -0.05, 0.15, -0.037, -0.125, 0.308, 0.063, 0.017, 0.008, 0.417, 0.003, 0.142, 0.058, 0.02, -0.072, 0.025, 0.583, 0.023, 0.025, 0.012, 0.267, -0.025, -0.008, 0.05, 0.333, 0.67, 0.162, -0.017, 0.025, -0.097, 0.117, 0.008, -0.083, 0.0, 0.027], [0.058, -0.058, -0.008, 0.025, 0.15, 0.017, -0.017, 0.458, -0.23, -0.188, 0.503, -0.033, -0.045, 0.075, 0.025, 0.0, -0.45, -0.013, -0.117, 0.005, 0.02, -0.225, -0.042, -0.008, -0.025, -0.15, 0.017, -0.017, 0.053, -0.017, -0.367, -0.05, 0.02, 0.03, -0.158, 0.558, -0.04, -0.032, 0.107, -0.2, 0.022, -0.275, 0.492, 0.108, -0.4, 0.167, -0.417, 0.025, 0.025, -0.067, -0.033, 0.2, -0.025, 0.047, 0.125, -0.567, -0.028, 0.048, 0.025, -0.5, -0.458, -0.018, -0.042, -0.603, -0.633, 0.033, -0.305, -0.05, 0.083, -0.017, 0.008, -0.022, -0.022, 0.017, 0.055, 0.197, -0.12, 0.008, -0.117, 0.603, 0.008, -0.23, -0.15, -0.325, -0.062, -0.225, -0.025, 0.622, 0.007, 0.008, -0.633, -0.142, 0.242, 0.058, -0.308, 0.042, 0.017, 0.008, -0.083, -0.017, -0.658, -0.262, 0.125, 0.075, 0.005, -0.1, -0.028, -0.1, -0.075, -0.033, -0.033, -0.095, 0.047, -0.197, -0.003, 0.108, -0.167, -0.088, 0.0, 0.133, 0.008, 0.03, 0.017, -0.508, -0.018, -0.225, 0.217, 0.012, -0.017, 0.433, -0.075, -0.525, 0.03, 0.063, -0.033, 0.147, -0.092, -0.067, -0.022, 0.042, -0.005, -0.492, -0.467, -0.008, 0.15, -0.508, 0.842, -0.072, 0.025, -0.012, 0.005, 0.0, 0.008, 0.025, 0.092, -0.017, 0.608, -0.067, -0.008, -0.042, -0.325, -0.133, 0.012, -0.04, -0.108, -0.232, -0.067, -0.275, 0.08, 0.028, -0.008, -0.617, -0.175, 0.642, -0.042, 0.425, 0.087, -0.023, -0.008, 0.058, 0.028, -0.025, 0.017, -0.108, 0.212, 0.008, 0.038, -0.8, 0.003, -0.567, -0.675, -0.042, 0.333, 0.02, 0.317, 0.317, -0.033, -0.025, 0.025, -0.058], [-0.65, 0.405, 0.095, 0.133, -0.083, 0.007, 0.197, 0.182, 0.275, 0.667, 0.087, 0.108, 0.108, 0.137, 0.192, -0.45, 0.0, -0.008, 0.2, 0.025, 0.017, 0.208, 0.192, 0.258, -0.083, 0.475, 0.192, -0.045, 0.05, 0.242, 0.592, 0.122, 0.25, -0.058, 0.233, 0.033, 0.253, -0.01, 0.25, 0.082, 0.252, 0.378, -0.063, 0.087, 0.663, 0.317, 0.688, 0.125, 0.042, 0.087, 0.068, 0.258, 0.003, 0.075, -0.075, 0.608, 0.042, 0.275, 0.058, 0.717, 0.717, 0.1, 0.187, 0.167, 0.773, 0.208, 0.425, 0.055, 0.008, 0.1, 0.178, 0.067, 0.033, 0.112, 0.05, 0.092, 0.192, 0.317, -0.048, -0.208, 0.105, 0.65, 0.357, 0.675, 0.143, 0.408, 0.252, 0.075, 0.292, 0.025, 0.333, 0.312, 0.067, 0.022, 0.675, 0.25, 0.07, 0.117, -0.283, 0.278, 0.547, 0.875, 0.17, 0.105, 0.108, 0.05, 0.17, 0.578, 0.13, -0.025, 0.15, 0.208, 0.038, 0.12, 0.475, 0.03, 0.208, 0.262, 0.275, -0.153, 0.062, 0.033, 0.037, 0.758, 0.017, 0.217, -0.092, 0.067, 0.342, -0.8, 0.392, 0.642, 0.102, -0.075, 0.042, 0.167, 0.228, 0.02, 0.042, 0.048, 0.148, 0.467, 0.583, 0.037, 0.283, 0.638, -0.533, 0.308, -0.008, 0.103, 0.017, 0.038, 0.217, 0.008, -0.017, 0.25, 0.103, 0.125, 0.113, 0.4, 0.475, 0.617, 0.037, 0.003, 0.342, 0.497, 0.197, 0.638, 0.113, -0.167, -0.008, 0.7, 0.433, -0.375, 0.225, 0.037, 0.07, 0.142, 0.007, 0.098, -0.017, 0.058, 0.258, 0.058, -0.108, 0.097, 0.075, 0.55, 0.342, 0.508, 0.738, 0.183, 0.088, -0.008, -0.158, 0.275, -0.167, -0.03, 0.005, 0.017], [-0.008, 0.008, -0.008, 0.003, 0.0, 0.425, 0.192, -0.017, 0.108, 0.023, -0.038, 0.208, -0.012, -0.008, 0.383, -0.013, -0.008, 0.0, 0.012, 0.017, 0.005, 0.012, -0.005, -0.062, 0.117, 0.028, 0.025, 0.037, 0.0, 0.063, 0.413, 0.017, 0.008, -0.008, 0.067, 0.208, 0.192, -0.025, -0.005, 0.3, -0.008, 0.028, 0.233, 0.05, 0.033, 0.033, 0.028, -0.005, 0.658, 0.463, -0.017, -0.043, 0.325, 0.003, 0.037, 0.05, 0.025, -0.03, -0.008, 0.192, 0.217, 0.033, 0.025, 0.053, 0.187, 0.142, -0.033, 0.005, 0.305, -0.333, 0.042, 0.022, 0.235, 0.092, 0.433, 0.012, 0.042, 0.1, -0.033, -0.358, -0.07, 0.138, 0.097, 0.162, 0.267, 0.158, 0.025, 0.025, 0.03, 0.008, 0.008, 0.025, 0.003, -0.033, -0.025, -0.008, 0.017, 0.008, -0.067, 0.02, 0.028, 0.038, 0.025, 0.023, 0.005, 0.133, -0.025, 0.028, 0.122, 0.025, 0.058, 0.358, 0.013, -0.013, -0.025, 0.008, -0.003, 0.022, 0.013, -0.028, 0.012, 0.017, 0.022, 0.142, 0.008, 0.033, -0.2, 0.017, 0.05, -0.712, 0.012, 0.075, 0.015, -0.003, 0.033, -0.033, 0.247, -0.022, 0.008, 0.025, 0.017, -0.025, 0.243, 0.07, 0.033, 0.098, -0.35, 0.007, 0.458, 0.433, 0.387, 0.015, 0.008, 0.042, -0.045, 0.092, 0.025, 0.092, 0.017, 0.092, 0.013, 0.025, -0.025, -0.078, 0.07, 0.008, 0.0, 0.177, 0.008, -0.017, 0.025, 0.005, 0.103, -0.022, 0.427, -0.013, 0.022, 0.033, 0.025, 0.025, -0.017, 0.117, 0.022, 0.05, -0.033, 0.142, -0.017, 0.005, 0.0, 0.497, 0.6, 0.028, 0.0, 0.058, -0.267, 0.008, 0.0, 0.01, -0.008, 0.008], [-0.1, 0.008, 0.083, 0.017, 0.172, -0.008, -0.033, -0.008, 0.083, 0.058, -0.015, 0.003, 0.008, 0.017, 0.02, -0.117, 0.2, 0.012, 0.0, 0.042, 0.017, 0.003, 0.133, 0.117, 0.05, 0.083, 0.483, 0.083, 0.04, 0.3, 0.188, 0.267, 0.317, 0.18, 0.058, 0.258, 0.0, 0.172, 0.175, 0.023, 0.45, 0.042, 0.1, -0.042, 0.045, 0.283, 0.2, -0.035, -0.012, 0.033, -0.008, 0.117, -0.017, -0.1, -0.008, 0.03, 0.008, 0.073, 0.058, 0.103, 0.425, 0.183, 0.35, -0.008, 0.292, 0.492, -0.065, -0.017, 0.02, 0.018, 0.23, 0.117, 0.02, 0.027, 0.025, 0.105, 0.017, 0.162, 0.042, -0.075, 0.03, 0.017, 0.133, 0.178, 0.067, 0.095, 0.038, 0.012, 0.267, -0.037, 0.068, 0.058, 0.038, 0.0, 0.005, 0.033, 0.008, 0.23, 0.035, 0.012, 0.027, 0.033, 0.0, 0.1, -0.025, 0.042, 0.343, -0.008, -0.022, -0.008, 0.055, -0.05, -0.022, 0.012, -0.017, 0.033, 0.08, 0.253, 0.042, -0.017, 0.092, 0.015, 0.033, 0.333, 0.008, 0.0, 0.0, 0.425, 0.465, -0.067, -0.005, 0.267, 0.032, 0.008, -0.022, 0.122, -0.013, 0.0, -0.013, 0.008, -0.017, 0.052, 0.208, -0.008, 0.158, 0.047, 0.098, 0.087, 0.0, 0.0, 0.025, 0.018, 0.055, 0.228, 0.025, 0.442, 0.025, 0.133, 0.217, -0.108, 0.042, -0.017, 0.015, 0.067, 0.28, 0.013, 0.022, 0.115, -0.008, 0.05, -0.008, 0.158, 0.012, 0.017, 0.192, 0.022, 0.367, 0.053, 0.025, 0.575, 0.017, 0.042, 0.217, 0.208, -0.013, 0.03, 0.145, 0.063, 0.232, 0.233, 0.288, 0.028, 0.0, -0.05, -0.018, 0.095, 0.017, 0.0, 0.117, -0.008], [-0.192, 0.017, -0.008, -0.023, 0.012, 0.025, 0.005, -0.033, 0.037, -0.038, 0.017, 0.02, -0.037, 0.605, 0.012, 0.005, 0.025, 0.017, 0.042, 0.0, 0.0, 0.003, 0.008, 0.053, 0.058, -0.013, 0.017, 0.025, 0.117, -0.05, 0.062, 0.0, 0.023, -0.008, 0.008, -0.558, -0.025, 0.02, 0.042, 0.017, 0.017, 0.012, 0.025, 0.025, 0.013, -0.012, 0.033, 0.017, 0.0, 0.017, 0.01, -0.01, 0.017, -0.027, -0.033, 0.0, 0.017, -0.003, 0.003, -0.017, 0.142, 0.033, -0.008, 0.027, 0.067, 0.037, 0.008, 0.0, 0.008, 0.02, -0.05, -0.033, 0.023, -0.038, 0.0, 0.017, 0.0, 0.775, 0.017, -0.033, -0.082, -0.05, 0.033, 0.01, -0.108, 0.392, -0.017, 0.025, -0.008, 0.118, 0.0, 0.033, 0.042, 0.4, 0.01, 0.025, 0.003, 0.0, -0.042, 0.025, 0.01, 0.013, 0.025, 0.028, 0.073, 0.188, 0.025, -0.042, 0.0, -0.017, 0.022, -0.017, -0.067, 0.0, 0.008, 0.133, -0.017, -0.017, 0.0, 0.0, 0.005, 0.0, 0.608, 0.067, 0.0, 0.108, -0.042, 0.03, -0.05, -0.338, 0.0, 0.175, 0.025, 0.05, -0.025, 0.017, 0.008, 0.017, 0.0, -0.017, 0.018, 0.047, 0.025, 0.0, 0.067, 0.025, 0.05, 0.025, 0.027, 0.01, 0.017, 0.033, 0.0, 0.0, -0.242, 0.108, -0.033, 0.02, 0.008, 0.035, -0.007, 0.033, 0.033, 0.008, 0.058, 0.042, 0.03, 0.008, 0.025, 0.0, 0.038, 0.067, 0.075, -0.007, 0.292, 0.125, 0.035, 0.35, 0.053, 0.02, 0.058, 0.017, 0.01, -0.017, 0.0, 0.092, 0.0, 0.0, 0.063, 0.042, 0.117, -0.008, 0.017, 0.0, -0.133, 0.08, -0.033, -0.062, -0.042, -0.042], [-0.175, -0.042, 0.133, 0.017, 0.025, 0.008, 0.413, 0.008, -0.105, -0.058, 0.017, 0.013, -0.058, 0.033, 0.027, 0.02, 0.017, 0.005, 0.017, 0.0, 0.0, -0.027, -0.083, 0.258, 0.025, 0.052, 0.038, 0.025, 0.028, -0.008, -0.05, 0.017, 0.037, -0.042, -0.575, 0.505, -0.125, 0.017, -0.05, 0.058, -0.012, 0.0, 0.583, -0.017, -0.033, 0.02, -0.025, 0.018, 0.033, 0.042, 0.408, -0.042, 0.058, 0.1, 0.0, 0.017, 0.042, 0.008, 0.008, -0.133, -0.133, -0.033, -0.033, 0.01, 0.075, -0.043, -0.038, 0.023, -0.03, 0.083, 0.007, 0.01, -0.292, -0.048, -0.008, -0.133, -0.005, 0.018, -0.018, 0.395, -0.017, -0.017, -0.1, 0.103, 0.075, -0.05, -0.008, -0.033, -0.008, 0.018, -0.092, 0.003, 0.008, 0.068, -0.017, -0.047, -0.023, -0.028, -0.008, 0.0, -0.008, -0.055, -0.008, 0.038, 0.087, -0.025, 0.025, 0.025, 0.0, 0.008, -0.02, 0.193, -0.083, 0.012, -0.033, 0.053, -0.008, -0.12, -0.005, -0.035, 0.033, 0.0, 0.042, -0.267, 0.025, -0.012, 0.522, 0.038, 0.022, -0.058, 0.033, 0.072, -0.012, -0.01, 0.017, 0.242, 0.108, -0.02, 0.008, -0.267, 0.127, 0.008, 0.025, 0.008, 0.258, 0.017, 0.508, -0.012, 0.042, -0.012, 0.017, 0.017, 0.005, 0.008, -0.117, 0.092, 0.15, -0.013, 0.008, -0.058, 0.042, 0.025, -0.028, -0.033, 0.217, -0.092, -0.017, 0.042, 0.037, -0.042, 0.133, 0.008, 0.075, 0.083, -0.208, 0.0, 0.147, 0.0, 0.008, 0.002, -0.002, -0.078, 0.045, 0.063, -0.025, -0.067, -0.008, 0.022, -0.133, -0.375, -0.417, 0.258, 0.038, 0.008, 0.517, 0.193, 0.275, 0.013, 0.037, 0.037], [-0.158, 0.425, -0.017, 0.033, -0.033, 0.005, -0.017, 0.275, 0.095, 0.367, 0.105, 0.033, 0.057, -0.025, 0.012, -0.225, 0.208, 0.012, 0.003, 0.003, -0.027, 0.0, 0.03, 0.012, -0.05, 0.375, 0.017, -0.033, 0.025, 0.017, 0.455, -0.012, 0.0, 0.035, -0.005, -0.05, -0.005, 0.017, 0.033, -0.022, 0.02, -0.233, -0.017, 0.028, 0.217, -0.017, 0.35, 0.007, 0.03, 0.013, -0.017, 0.092, 0.0, 0.028, 0.022, 0.358, 0.005, -0.042, -0.017, 0.442, 0.583, -0.025, 0.012, 0.14, 0.612, -0.013, 0.158, -0.013, 0.025, 0.005, 0.028, 0.037, 0.013, -0.017, -0.02, 0.333, 0.033, 0.075, -0.05, 0.033, 0.013, 0.425, 0.2, 0.337, 0.042, 0.075, 0.125, 0.067, 0.035, -0.022, -0.067, 0.067, 0.015, -0.022, 0.4, -0.013, 0.03, -0.008, 0.033, 0.033, 0.213, 0.208, 0.013, 0.068, 0.05, 0.013, 0.033, 0.077, 0.038, 0.02, 0.03, 0.017, 0.023, 0.1, 0.042, -0.008, 0.317, -0.008, -0.017, -0.008, -0.008, 0.0, 0.008, 0.45, -0.03, 0.022, -0.025, 0.042, -0.067, -0.025, 0.317, 0.158, 0.02, 0.023, 0.017, 0.25, 0.003, 0.023, 0.025, 0.028, 0.03, 0.327, 0.333, 0.0, 0.142, 0.317, -0.295, 0.017, -0.008, 0.007, 0.027, -0.017, 0.013, 0.033, 0.042, -0.058, -0.538, 0.005, 0.037, 0.017, 0.502, 0.547, 0.03, 0.012, 0.05, 0.042, 0.017, 0.425, -0.02, 0.038, 0.0, 0.433, 0.233, -0.142, 0.05, 0.0, 0.025, 0.008, -0.05, 0.018, 0.008, 0.017, 0.083, 0.517, -0.027, 0.017, -0.025, 0.488, 0.175, 0.383, 0.648, 0.0, -0.025, 0.025, 0.0, -0.025, 0.0, 0.005, -0.003, -0.017], [-0.095, -0.067, 0.042, 0.01, 0.292, -0.017, 0.042, 0.008, 0.167, 0.06, -0.013, 0.017, 0.038, 0.055, 0.038, -0.042, 0.192, -0.005, 0.133, 0.008, -0.083, 0.03, 0.0, -0.025, 0.025, 0.023, 0.108, -0.02, -0.013, 0.092, 0.192, 0.025, 0.053, 0.067, -0.017, 0.158, 0.008, 0.067, 0.037, 0.053, 0.183, 0.038, -0.067, 0.02, 0.058, 0.06, 0.217, 0.027, -0.027, 0.033, 0.033, 0.092, 0.003, -0.105, -0.033, 0.025, 0.542, 0.2, 0.017, 0.062, 0.258, 0.163, 0.077, 0.033, 0.325, 0.312, -0.017, -0.008, 0.013, 0.025, 0.033, 0.02, 0.02, -0.025, 0.025, 0.025, 0.015, 0.358, 0.073, -0.033, -0.037, 0.058, 0.267, 0.167, 0.052, 0.175, 0.072, 0.055, 0.233, 0.003, 0.017, 0.108, 0.033, -0.008, 0.02, 0.017, 0.657, 0.075, -0.067, 0.025, 0.017, 0.063, 0.083, 0.45, 0.128, 0.0, 0.045, 0.037, 0.025, 0.033, 0.158, 0.075, 0.003, -0.033, 0.017, 0.058, -0.017, 0.025, 0.305, -0.075, 0.608, 0.052, 0.03, 0.192, -0.025, 0.05, 0.035, 0.047, 0.192, -0.317, 0.008, 0.175, 0.075, 0.057, 0.0, 0.07, -0.008, -0.012, 0.008, 0.025, 0.033, 0.008, 0.175, 0.025, 0.125, 0.035, 0.025, 0.183, 0.017, 0.042, 0.067, -0.03, 0.027, 0.05, 0.0, 0.2, 0.0, 0.233, 0.1, 0.117, -0.008, 0.025, -0.017, 0.033, 0.717, 0.125, 0.058, 0.1, 0.03, -0.097, -0.003, 0.108, 0.208, -0.012, 0.108, 0.022, 0.325, 0.075, 0.0, 0.127, -0.013, 0.008, 0.1, 0.038, -0.008, -0.017, 0.23, 0.013, 0.317, 0.283, 0.355, 0.033, 0.02, 0.008, -0.008, 0.072, -0.142, -0.117, 0.492, 0.017], [-0.358, -0.003, 0.158, 0.008, 0.267, 0.15, 0.442, -0.017, 0.063, 0.083, 0.063, 0.063, 0.017, 0.058, 0.167, -0.008, 0.258, -0.062, 0.117, 0.053, 0.258, 0.012, -0.025, 0.0, 0.008, 0.233, 0.175, 0.025, 0.008, 0.125, 0.308, 0.442, -0.005, -0.058, 0.547, 0.633, 0.503, 0.008, 0.133, 0.25, 0.308, 0.17, 0.133, -0.058, 0.183, -0.025, 0.202, -0.003, 0.208, 0.325, 0.417, 0.312, 0.35, 0.218, 0.025, 0.037, -0.075, 0.298, 0.075, -0.067, 0.35, 0.158, 0.033, 0.117, 0.388, 0.275, 0.028, 0.033, 0.1, 0.233, 0.125, 0.183, -0.167, 0.15, 0.067, 0.34, 0.008, 0.408, 0.342, -0.058, 0.025, 0.192, 0.445, 0.433, 0.28, 0.283, 0.015, 0.192, 0.292, 0.112, 0.025, 0.125, -0.017, 0.067, 0.042, 0.028, 0.017, 0.133, -0.233, -0.005, 0.09, 0.053, 0.012, 0.082, 0.358, -0.058, 0.042, -0.083, -0.042, 0.042, 0.223, 0.392, 0.042, -0.005, -0.022, 0.05, 0.008, 0.358, 0.425, -0.178, 0.43, 0.058, 0.117, 0.358, 0.0, 0.142, -0.05, 0.158, 0.425, -0.417, 0.038, 0.095, 0.192, 0.092, 0.042, 0.242, 0.333, 0.008, 0.617, 0.25, 0.225, 0.283, 0.575, 0.017, 0.292, 0.308, 0.267, 0.122, 0.115, 0.152, 0.255, 0.008, 0.037, 0.325, 0.308, 0.4, 0.075, 0.233, 0.14, 0.408, 0.15, 0.042, -0.025, 0.067, 0.483, 0.35, -0.058, 0.388, 0.113, 0.022, 0.292, 0.242, 0.275, -0.178, -0.012, 0.025, 0.167, 0.175, 0.25, 0.092, 0.017, 0.242, 0.138, 0.358, 0.033, 0.05, 0.263, 0.112, 0.425, 0.25, 0.317, 0.643, 0.15, 0.05, -0.425, 0.213, 0.062, -0.022, 0.033, -0.008], [-0.063, 0.042, 0.025, -0.017, 0.0, 0.042, 0.03, -0.028, 0.515, 0.042, -0.022, 0.083, 0.208, 0.032, 0.055, -0.025, -0.083, 0.117, 0.05, 0.058, 0.025, -0.05, 0.025, 0.008, 0.0, 0.017, 0.025, -0.027, 0.192, 0.017, 0.078, 0.017, -0.013, -0.025, 0.008, 0.417, 0.0, -0.02, 0.038, 0.033, 0.042, 0.05, -0.108, -0.033, 0.0, -0.11, 0.033, 0.045, -0.005, 0.033, 0.025, 0.075, 0.013, 0.042, 0.008, 0.0, 0.027, -0.067, 0.067, 0.013, 0.283, 0.075, 0.017, 0.03, 0.308, -0.045, 0.037, 0.0, 0.017, 0.0, -0.068, -0.008, -0.017, -0.05, -0.025, 0.005, 0.008, 0.283, 0.325, -0.075, -0.033, 0.025, 0.33, 0.133, -0.017, 0.4, 0.058, 0.3, 0.117, 0.023, -0.067, 0.317, 0.05, 0.342, 0.033, 0.018, 0.013, -0.005, -0.133, -0.025, 0.058, 0.1, 0.017, -0.02, 0.417, 0.045, 0.02, -0.017, 0.025, -0.075, 0.173, -0.058, 0.057, -0.05, 0.032, 0.0, 0.033, 0.092, 0.015, 0.028, 0.017, 0.113, 0.0, 0.083, 0.0, 0.083, 0.007, -0.03, 0.033, -0.208, -0.017, 0.227, 0.417, 0.375, 0.192, -0.075, 0.0, 0.322, -0.028, 0.017, -0.183, 0.043, 0.197, 0.003, 0.492, 0.095, -0.05, -0.025, 0.025, 0.017, 0.042, 0.008, 0.008, 0.058, 0.73, -0.008, -0.073, 0.008, 0.003, 0.508, -0.008, 0.025, 0.072, -0.042, 0.017, 0.142, 0.008, 0.005, -0.003, -0.133, 0.122, 0.058, -0.008, -0.087, 0.4, 0.053, 0.033, 0.083, 0.07, -0.03, 0.037, 0.103, 0.028, 0.067, 0.008, 0.087, 0.018, 0.015, 0.542, 0.402, 0.45, -0.098, -0.008, 0.028, -0.083, -0.162, 0.018, -0.117, -0.05, -0.042], [-0.328, 0.55, 0.017, 0.012, 0.028, 0.017, 0.145, 0.275, 0.195, 0.658, 0.378, 0.058, 0.137, 0.012, 0.055, -0.15, 0.475, 0.028, 0.083, -0.013, 0.052, 0.375, 0.023, 0.233, 0.017, 0.0, -0.02, -0.142, 0.02, 0.023, 0.425, 0.03, 0.04, -0.087, 0.0, 0.125, -0.037, 0.008, -0.008, 0.058, -0.087, 0.58, 0.075, 0.49, 0.617, 0.017, 0.7, -0.018, -0.008, 0.05, 0.037, 0.062, 0.075, 0.03, -0.058, 0.525, 0.025, 0.047, -0.017, 0.542, 0.517, -0.025, 0.043, 0.342, 0.65, -0.027, 0.208, 0.05, 0.017, 0.008, 0.0, -0.008, 0.0, -0.008, 0.017, 0.467, 0.11, 0.347, -0.01, -0.175, 0.042, 0.128, 0.387, 0.492, 0.0, 0.172, 0.267, 0.192, 0.077, 0.03, -0.067, 0.097, 0.042, -0.017, 0.583, -0.05, -0.05, 0.032, -0.028, 0.033, 0.645, 0.45, 0.017, 0.058, 0.175, 0.008, 0.033, 0.313, 0.062, -0.007, 0.1, -0.025, 0.0, 0.533, 0.033, 0.067, 0.65, 0.053, 0.108, 0.047, -0.042, -0.017, -0.017, 0.45, -0.008, 0.095, 0.015, 0.013, -0.003, -0.45, 0.292, 0.325, 0.12, -0.075, -0.008, 0.067, 0.025, 0.018, 0.025, 0.017, 0.082, 0.625, 0.492, 0.005, 0.108, 0.725, 0.055, 0.017, 0.042, 0.013, 0.068, 0.022, 0.05, 0.0, 0.242, 0.017, 0.25, 0.108, 0.042, 0.138, 0.5, 0.517, 0.02, -0.007, 0.013, 0.142, 0.0, 0.525, 0.067, -0.052, 0.017, 0.312, 0.225, -0.1, -0.007, 0.008, 0.075, 0.117, 0.008, 0.043, 0.022, 0.015, 0.098, 0.075, -0.042, 0.0, 0.053, 0.538, 0.367, 0.55, 0.608, -0.042, 0.098, 0.027, -0.067, 0.208, -0.008, -0.067, 0.12, 0.058], [-0.025, 0.012, 0.233, 0.0, 0.142, 0.063, -0.005, 0.017, 0.073, 0.093, -0.028, 0.025, 0.025, 0.017, 0.03, 0.017, 0.192, 0.025, 0.483, 0.017, 0.038, 0.017, 0.108, 0.175, 0.025, -0.02, 0.0, 0.033, 0.025, 0.265, 0.21, 0.15, 0.208, 0.358, -0.057, 0.383, -0.02, 0.025, 0.055, 0.0, 0.19, -0.025, 0.157, 0.008, 0.075, 0.05, 0.025, 0.042, -0.003, 0.038, 0.025, 0.06, 0.025, -0.075, 0.013, -0.005, -0.025, 0.247, 0.058, -0.01, 0.208, -0.122, 0.097, 0.0, 0.125, 0.387, 0.055, -0.025, -0.033, 0.0, 0.122, 0.222, 0.0, 0.0, 0.058, -0.008, 0.008, 0.325, 0.07, 0.058, 0.075, -0.018, 0.13, 0.158, 0.005, 0.133, 0.002, 0.067, 0.308, 0.02, 0.02, 0.072, 0.038, 0.017, 0.0, 0.0, 0.025, 0.18, 0.058, -0.068, -0.025, -0.005, 0.108, -0.013, 0.067, 0.007, 0.508, -0.05, -0.033, 0.425, 0.025, -0.075, -0.05, 0.01, -0.05, -0.025, 0.037, 0.208, 0.043, -0.03, 0.0, -0.008, 0.003, 0.325, 0.008, 0.005, -0.042, 0.492, 0.275, -0.108, 0.012, -0.025, 0.022, -0.042, -0.013, 0.15, -0.003, -0.008, 0.023, -0.017, 0.033, 0.02, 0.025, 0.025, 0.1, 0.005, 0.05, 0.225, 0.017, 0.04, 0.023, 0.033, -0.025, -0.025, 0.075, 0.358, -0.008, 0.035, 0.265, -0.042, 0.008, 0.027, 0.0, 0.008, 0.267, 0.072, 0.0, 0.103, -0.008, -0.075, 0.017, 0.072, 0.027, 0.022, -0.117, -0.008, 0.058, 0.017, -0.025, 0.292, 0.0, 0.033, 0.12, 0.267, 0.0, 0.008, 0.133, -0.03, 0.258, 0.2, 0.25, 0.005, -0.008, 0.008, -0.042, 0.025, 0.025, -0.083, 0.117, 0.028], [0.033, -0.013, 0.033, 0.017, 0.1, -0.025, 0.017, -0.003, 0.008, 0.025, 0.027, -0.042, -0.042, 0.0, 0.028, -0.017, -0.045, 0.037, 0.083, 0.025, 0.025, -0.033, -0.02, 0.025, -0.027, -0.142, 0.033, 0.0, 0.067, -0.2, -0.183, -0.042, -0.067, 0.033, -0.042, 0.187, 0.012, 0.058, -0.3, -0.033, 0.088, 0.025, 0.16, 0.003, 0.04, -0.253, 0.0, 0.132, 0.025, 0.015, -0.02, 0.098, 0.028, -0.017, 0.033, -0.087, 0.048, 0.117, 0.0, 0.025, -0.1, 0.017, 0.025, 0.028, 0.025, 0.1, 0.008, -0.025, 0.008, 0.008, 0.092, -0.008, 0.017, 0.0, 0.017, -0.03, 0.008, 0.1, 0.027, -0.047, -0.1, -0.042, 0.058, -0.017, -0.028, 0.045, 0.008, -0.042, -0.058, 0.003, 0.045, 0.022, 0.0, -0.025, -0.05, -0.03, 0.003, 0.067, -0.025, -0.025, -0.05, -0.025, 0.083, 0.092, -0.007, 0.033, 0.1, 0.017, -0.008, 0.012, 0.007, 0.008, 0.017, 0.058, -0.013, -0.025, 0.008, -0.033, 0.17, -0.025, 0.04, 0.02, 0.023, 0.117, 0.0, -0.058, 0.008, -0.017, 0.03, -0.025, 0.008, 0.012, 0.01, 0.02, -0.05, 0.1, 0.025, -0.025, 0.025, 0.02, -0.062, 0.053, 0.078, -0.033, 0.208, -0.017, 0.2, -0.475, -0.062, 0.028, -0.01, 0.025, 0.017, 0.045, 0.102, 0.1, -0.042, 0.017, 0.067, -0.092, -0.042, 0.058, 0.01, 0.025, 0.003, -0.045, -0.008, -0.03, 0.017, -0.278, 0.0, 0.005, 0.033, 0.02, 0.01, 0.002, 0.008, 0.003, 0.005, 0.075, 0.03, 0.017, 0.013, 0.033, -0.05, 0.012, -0.008, -0.095, 0.075, 0.058, -0.133, 0.023, -0.033, -0.017, -0.025, 0.033, 0.067, -0.023, 0.092, 0.085], [-0.033, 0.02, -0.008, 0.005, 0.097, -0.013, 0.0, 0.078, 0.078, 0.067, 0.0, 0.017, 0.117, 0.28, -0.067, 0.053, 0.05, 0.0, 0.04, 0.117, 0.028, 0.025, -0.013, 0.008, 0.192, 0.02, 0.025, 0.067, 0.0, -0.017, -0.042, -0.025, 0.087, 0.02, 0.03, 0.65, 0.05, -0.017, 0.028, -0.033, 0.037, -0.042, 0.2, -0.017, 0.033, 0.042, -0.013, 0.017, 0.008, 0.017, 0.067, 0.092, -0.038, -0.092, 0.013, -0.037, -0.008, 0.0, 0.028, -0.033, 0.275, 0.008, 0.017, 0.008, 0.067, 0.017, 0.017, 0.0, -0.01, 0.008, 0.005, 0.008, 0.02, -0.033, 0.008, -0.003, 0.027, 0.142, 0.045, 0.108, 0.028, 0.025, 0.0